563	111

96
leftX = 563.500000
rightX = 697.000000
topY = 111.500000
startCenter = 563.500000
endCenter = 697.500000

x1 = -2861562.25
y1 = -451885.938
x2 = 742.897095
y2 = 118.740952
x3 = 754.033203
y3 = 141.571625

99
leftX = 563.500000
rightX = 563.750000
topY = 111.500000
startCenter = 563.500000
endCenter = 564.500000

x1 = -3045884.00
y1 = -480972.281
x2 = -2861562.25
y2 = -451885.938
x3 = 754.033203
y3 = 141.571625

100
leftX = 338.500000
rightX = 563.750000
topY = 111.500000
startCenter = 338.500000
endCenter = 564.500000

x1 = -3045884.00
y1 = -480972.281
x2 = 754.033203
y2 = 141.571625
x3 = 764.302856
y3 = 178.726242


96(1--3) .. 99(2--3)

99(1--3) .. 100(1--2)